-7.477209568023681641e-01	4.617134094238281250e+00
-6.537734866142272949e-01	4.010949611663818359e+00
1.754582285881042480e+00	1.795086741447448730e+00
2.553354978561401367e+00	4.224968433380126953e+00
4.872898578643798828e+00	2.807568073272705078e+00
2.986507713794708252e-01	4.021579265594482422e+00
3.736751794815063477e+00	3.459514617919921875e+00
4.215026378631591797e+00	3.251943826675415039e+00
4.309523582458496094e+00	2.750603437423706055e+00
2.090039968490600586e+00	4.629960536956787109e+00
7.348495125770568848e-01	4.405134677886962891e+00
4.015570163726806641e+00	3.334352970123291016e+00
-1.253949999809265137e+00	4.243052959442138672e+00
9.303114414215087891e-01	2.855659246444702148e+00
-3.056726217269897461e+00	5.745765209197998047e+00
3.087929487228393555e-01	2.431077718734741211e+00
-1.788874506950378418e+00	-1.097014546394348145e+00
2.751081228256225586e+00	4.039277076721191406e+00
1.404243826866149902e+00	4.459951877593994141e+00
2.229554176330566406e+00	3.871515512466430664e+00
4.106619358062744141e+00	3.225954771041870117e+00
2.579516649246215820e+00	7.025650739669799805e-01
3.185661315917968750e+00	1.002911925315856934e+00
4.727196216583251953e+00	3.752479791641235352e+00
1.196065306663513184e+00	5.043941020965576172e+00
3.822527408599853516e+00	4.253527641296386719e+00
2.182424068450927734e+00	1.475698590278625488e+00
-3.480643033981323242e-01	3.650774478912353516e+00
1.866999268531799316e+00	1.554471492767333984e+00
2.943324327468872070e+00	4.044126033782958984e+00
5.023154258728027344e+00	4.015339374542236328e+00
3.034039974212646484e+00	3.881300210952758789e+00
2.228651285171508789e+00	3.748665571212768555e+00
2.695304870605468750e+00	3.474812269210815430e+00
2.221433162689208984e+00	3.539553403854370117e+00
2.902502059936523438e+00	-1.865887761116027832e+00
2.262036561965942383e+00	3.072238683700561523e+00
1.204931259155273438e+00	5.902788639068603516e+00
5.051743984222412109e-01	4.722439289093017578e+00
3.264663457870483398e+00	4.349766254425048828e+00
3.223830461502075195e+00	3.735268115997314453e+00
4.748528480529785156e+00	2.735182523727416992e+00
2.334274530410766602e+00	4.529408454895019531e+00
1.706451177597045898e+00	-3.339117288589477539e+00
2.219693899154663086e+00	2.080089092254638672e+00
1.310775160789489746e+00	5.016949176788330078e+00
2.118220567703247070e+00	3.271626472473144531e+00
3.086244344711303711e+00	3.662867307662963867e+00
-3.219761133193969727e+00	5.749006271362304688e+00
2.907284975051879883e+00	4.688313007354736328e+00
-7.293850183486938477e-01	4.013524055480957031e+00
2.182498931884765625e+00	3.755817413330078125e+00
-2.068391740322113037e-01	1.806461453437805176e+00
1.872486472129821777e+00	-3.084103345870971680e+00
3.342520713806152344e+00	9.650455117225646973e-01
6.557770967483520508e-01	2.179525613784790039e+00
-2.506227970123291016e+00	5.768221855163574219e+00
1.473579764366149902e+00	3.942330837249755859e+00
2.944112539291381836e+00	3.092365026473999023e+00
-1.462348341941833496e+00	4.037919998168945312e+00
3.014610528945922852e+00	7.022517919540405273e-01
2.049338579177856445e+00	1.609843611717224121e+00
3.633308410644531250e+00	-1.747780799865722656e+00
2.054160594940185547e+00	4.199108600616455078e+00
-1.464465141296386719e+00	4.005670547485351562e+00
-1.613584756851196289e+00	4.660263538360595703e+00
9.646385908126831055e-01	2.970790624618530273e+00
7.928757667541503906e-01	1.764561772346496582e+00
4.941978931427001953e+00	2.873575448989868164e+00
4.345985054969787598e-01	2.088720321655273438e+00
3.166902303695678711e+00	2.949747323989868164e+00
1.075551509857177734e+00	3.911670923233032227e+00
2.541925907135009766e+00	3.858136653900146484e+00
-2.718366622924804688e+00	5.250403404235839844e+00
1.272682666778564453e+00	4.681175231933593750e+00
1.872195243835449219e+00	4.805153846740722656e+00
-3.113878726959228516e+00	5.764245033264160156e+00
1.213115572929382324e+00	4.439318656921386719e+00
2.185225248336791992e+00	3.390661001205444336e+00
4.006469249725341797e+00	2.519891262054443359e+00
1.392248988151550293e+00	2.941786766052246094e+00
-1.406695723533630371e+00	4.537744045257568359e+00
3.399976730346679688e+00	1.154414772987365723e+00
3.906661748886108398e+00	3.170378208160400391e+00
7.565578222274780273e-01	4.634537696838378906e+00
3.179378032684326172e+00	3.944273710250854492e+00
2.956963539123535156e+00	1.435695171356201172e+00
2.735451459884643555e+00	-1.161678314208984375e+00
2.194733619689941406e+00	3.535110473632812500e+00
1.539739727973937988e+00	3.811291217803955078e+00
1.615064859390258789e+00	4.918401241302490234e+00
-8.982619643211364746e-01	4.909897327423095703e+00
2.520892620086669922e+00	3.274553298950195312e+00
1.393439412117004395e+00	3.210933685302734375e+00
1.763640493154525757e-01	1.577359795570373535e+00
-2.452188491821289062e+00	-3.210935592651367188e-01
-5.259563922882080078e-01	5.301269054412841797e+00
3.148788928985595703e+00	4.190015792846679688e+00
5.612998604774475098e-01	3.463149309158325195e+00
3.911461591720581055e+00	-1.340066194534301758e+00
1.188150763511657715e+00	3.268127202987670898e+00
-1.631260156631469727e+00	5.552885532379150391e+00
-2.270739078521728516e+00	5.984532833099365234e+00
2.407185316085815430e+00	3.064101934432983398e+00
1.718967556953430176e+00	5.517456531524658203e+00
2.717204809188842773e+00	3.282210588455200195e+00
2.267640590667724609e+00	4.470914363861083984e+00
1.351348638534545898e+00	4.329110145568847656e+00
-8.914440274238586426e-01	2.797695398330688477e+00
-1.762070208787918091e-01	3.492671251296997070e+00
2.007040262222290039e+00	2.378978729248046875e+00
2.955976009368896484e+00	4.652458667755126953e+00
1.721314072608947754e+00	1.104780793190002441e+00
3.465790987014770508e+00	3.475260496139526367e+00
-1.430394530296325684e+00	4.013152122497558594e+00
4.746898114681243896e-01	2.470078706741333008e+00
-2.573642969131469727e+00	4.783428192138671875e+00
-2.175873279571533203e+00	5.526422977447509766e+00
1.743861317634582520e+00	2.319460868835449219e+00
4.217478036880493164e-01	4.625278949737548828e+00
1.274134993553161621e+00	3.200986623764038086e+00
5.314634799957275391e+00	1.244823694229125977e+00
1.508293867111206055e+00	3.016709089279174805e+00
-3.948656916618347168e-01	2.520126581192016602e+00
3.824433326721191406e+00	-1.302083492279052734e+00
-1.013689398765563965e+00	3.071195840835571289e+00
1.846375703811645508e+00	2.164662122726440430e+00
2.846525430679321289e+00	4.412528514862060547e+00
4.743278026580810547e+00	3.117746114730834961e+00
2.925171852111816406e+00	7.287742495536804199e-01
7.264894247055053711e-01	3.327455520629882812e+00
4.865869522094726562e+00	3.972964763641357422e+00
1.185627460479736328e+00	-6.398447751998901367e-01
3.250890493392944336e+00	3.844018936157226562e+00
-1.652643918991088867e+00	3.663621664047241211e+00
7.811663150787353516e-01	3.533956289291381836e+00
4.832681655883789062e+00	4.224998950958251953e+00
1.376992583274841309e+00	3.254202127456665039e+00
3.042532205581665039e+00	1.388695836067199707e+00
4.101189136505126953e+00	3.274667501449584961e+00
1.824407815933227539e+00	6.168235540390014648e-01
-3.313766717910766602e-01	3.416618824005126953e+00
5.258256435394287109e+00	3.786117792129516602e+00
-4.735738933086395264e-01	4.697665214538574219e+00
8.998487144708633423e-02	2.712327957153320312e+00
4.920286655426025391e+00	2.726348638534545898e+00
3.046628952026367188e+00	3.569319248199462891e+00
3.862308502197265625e+00	2.925543546676635742e+00
2.200991153717041016e+00	4.609515190124511719e+00
1.631629824638366699e+00	5.258667469024658203e+00
4.672844409942626953e+00	3.858764171600341797e+00
5.084826469421386719e+00	3.790213584899902344e+00
2.953590393066406250e+00	3.265654087066650391e+00
6.802822947502136230e-01	4.301951408386230469e+00
-3.665503859519958496e-01	5.173950195312500000e+00
1.736590117216110229e-01	2.522452592849731445e+00
-2.972412705421447754e-01	4.221256256103515625e+00
-4.704648971557617188e+00	-3.050909757614135742e+00
2.638842165470123291e-01	2.037115097045898438e+00
2.570958614349365234e+00	4.357120037078857422e+00
2.967386960983276367e+00	-2.109318733215332031e+00
-2.720580101013183594e+00	6.072610378265380859e+00
5.136780738830566406e+00	4.090957164764404297e+00
-5.617315694689750671e-02	-1.541276931762695312e+00
3.728212594985961914e+00	1.730771660804748535e+00
3.303425073623657227e+00	3.920323610305786133e+00
-3.322060108184814453e-01	3.733416557312011719e+00
-6.055088639259338379e-01	5.296607494354248047e+00
-2.017745733261108398e+00	6.035750865936279297e+00
-1.063551902770996094e+00	5.024281978607177734e+00
3.388503551483154297e+00	3.828917503356933594e+00
-3.796007037162780762e-01	2.236148834228515625e+00
2.899117708206176758e+00	1.116365671157836914e+00
1.239989519119262695e+00	-2.238411903381347656e+00
2.615207433700561523e+00	4.258975028991699219e+00
5.011387348175048828e+00	3.629402160644531250e+00
5.251938819885253906e+00	1.285117149353027344e+00
-5.069308876991271973e-01	3.795435428619384766e+00
6.513680517673492432e-02	2.246898889541625977e+00
3.140940189361572266e+00	1.239258408546447754e+00
4.110444784164428711e-01	1.719117403030395508e+00
3.632710456848144531e+00	-1.927938461303710938e+00
3.311157226562500000e+00	1.026957154273986816e+00
8.977238535881042480e-01	4.577815532684326172e+00
-6.747114658355712891e-01	3.393707752227783203e+00
-4.707494974136352539e-01	2.178380250930786133e+00
-2.914767503738403320e+00	5.895012855529785156e+00
4.800587654113769531e+00	2.920905113220214844e+00
-1.259593248367309570e+00	3.362898588180541992e+00
-5.273069143295288086e-01	4.838535785675048828e+00
-1.826191991567611694e-01	2.813517093658447266e+00
4.890909194946289062e+00	4.099950313568115234e+00
5.323367118835449219e-01	-9.124855399131774902e-01
-2.464354038238525391e+00	5.238399505615234375e+00
-1.084097504615783691e+00	3.149388551712036133e+00
1.910143613815307617e+00	1.223935008049011230e+00
5.324033737182617188e+00	1.266621232032775879e+00
-1.469170004129409790e-01	3.900564908981323242e+00
3.260344266891479492e+00	3.031076908111572266e+00
1.598924398422241211e+00	1.185493111610412598e+00
-9.370616078376770020e-01	3.309182882308959961e+00
2.159043788909912109e+00	1.057650089263916016e+00
9.824274182319641113e-01	3.201271295547485352e+00
1.941241264343261719e+00	1.446399331092834473e+00
-2.087049186229705811e-01	5.313918590545654297e+00
4.272986412048339844e+00	2.745251417160034180e+00
1.612457752227783203e+00	4.391895294189453125e+00
1.878883600234985352e+00	2.911066770553588867e+00
4.932771027088165283e-01	3.888257980346679688e+00
-3.988180160522460938e-01	3.685987234115600586e+00
1.724734544754028320e+00	1.298399448394775391e+00
4.019295692443847656e+00	3.552354097366333008e+00
2.938855886459350586e+00	1.385245800018310547e+00
3.012861251831054688e+00	4.552030563354492188e+00
1.002573728561401367e+00	4.759519100189208984e+00
-7.802995681762695312e+00	-2.076315402984619141e+00
2.288787126541137695e+00	1.476629495620727539e+00
-2.924431562423706055e+00	-7.634820938110351562e-01
2.887581586837768555e+00	4.576260089874267578e+00
2.373443841934204102e+00	1.563814520835876465e+00
-3.061346113681793213e-01	5.358302116394042969e+00
-2.686616659164428711e+00	5.167865276336669922e+00
2.551692247390747070e+00	6.781886219978332520e-01
5.032185554504394531e+00	2.874018430709838867e+00
2.948787689208984375e+00	2.084224462509155273e+00
-5.449895262718200684e-01	4.314972400665283203e+00
3.404443264007568359e+00	2.862149715423583984e+00
3.755480051040649414e+00	2.751852750778198242e+00
8.427668809890747070e-01	4.661014080047607422e+00
-1.113353967666625977e-01	2.522112607955932617e+00
3.120278835296630859e+00	4.387049198150634766e+00
-3.462234437465667725e-01	4.128000736236572266e+00
3.640996456146240234e+00	-1.829842090606689453e+00
3.556733608245849609e+00	2.928444623947143555e+00
4.173967361450195312e+00	2.500528097152709961e+00
2.628444433212280273e-01	2.816154003143310547e+00
3.471114039421081543e-01	3.344904661178588867e+00
1.862699747085571289e+00	1.485470771789550781e+00
1.322025537490844727e+00	4.539258480072021484e+00
1.556732535362243652e+00	2.164246320724487305e+00
3.410064220428466797e+00	1.447606325149536133e+00
4.715179920196533203e+00	2.875915288925170898e+00
3.750207424163818359e+00	3.937615394592285156e+00
4.009879112243652344e+00	2.812971353530883789e+00
2.512712001800537109e+00	2.954326868057250977e+00
-1.339562773704528809e+00	3.318467378616333008e+00
1.979110985994338989e-01	1.631418704986572266e+00
2.795364618301391602e+00	6.980194449424743652e-01
7.589697837829589844e-01	3.983212709426879883e+00
5.564215183258056641e-01	4.149263858795166016e+00
7.776366472244262695e-01	4.709075450897216797e+00
1.368956089019775391e+00	2.573554754257202148e+00
3.657506465911865234e+00	3.879054069519042969e+00
1.219481706619262695e+00	5.833259105682373047e+00
5.351501464843750000e+00	1.241536855697631836e+00
2.463015079498291016e+00	3.130585193634033203e+00
-9.896086156368255615e-02	3.723109483718872070e+00
1.593279242515563965e-01	2.456946134567260742e+00
4.455931663513183594e+00	3.206784486770629883e+00
2.479447841644287109e+00	7.397673130035400391e-01
3.422414064407348633e-01	4.427587509155273438e+00
1.739242196083068848e+00	4.694513320922851562e+00
2.642278559505939484e-02	2.304277658462524414e+00
-4.783895239233970642e-02	1.830991387367248535e+00
1.996633529663085938e+00	3.168083667755126953e+00
-1.057523727416992188e+00	3.523816108703613281e+00
-4.489930868148803711e-01	4.120626449584960938e+00
-5.727238655090332031e+00	6.639762878417968750e+00
2.137604475021362305e+00	3.952911138534545898e+00
3.424113273620605469e+00	3.341908931732177734e+00
2.373912334442138672e+00	8.036508560180664062e-01
-1.124549627304077148e+00	3.899191617965698242e+00
-3.163493156433105469e+00	5.687914371490478516e+00
4.868821620941162109e+00	3.050702810287475586e+00
5.484828948974609375e-01	4.666318893432617188e+00
9.712126851081848145e-01	4.528480529785156250e+00
-1.663859933614730835e-01	4.371683597564697266e+00
2.776842832565307617e+00	1.258878350257873535e+00
1.113311290740966797e+00	4.852169513702392578e+00
4.725732803344726562e+00	4.278224945068359375e+00
2.586651325225830078e+00	5.212357997894287109e+00
-2.818248420953750610e-02	4.467658519744873047e+00
3.249132394790649414e+00	-1.999737024307250977e+00
4.135655879974365234e+00	3.091406345367431641e+00
3.870951414108276367e+00	2.896898031234741211e+00
1.244840323925018311e-01	4.447061538696289062e+00
2.766872167587280273e+00	2.742986440658569336e+00
-6.189661026000976562e-01	2.334400177001953125e+00
-7.164565086364746094e+00	-2.172991037368774414e+00
3.119995355606079102e+00	4.090697765350341797e+00
3.467662096023559570e+00	3.140853404998779297e+00
-1.451046943664550781e+00	2.372051402926445007e-02
2.611746788024902344e+00	1.559908986091613770e+00
-1.428581714630126953e+00	-6.390312910079956055e-01
-2.710466086864471436e-02	-2.193680524826049805e+00
3.408940076828002930e+00	2.073119163513183594e+00
5.957418680191040039e-02	2.590376615524291992e+00
-1.292811930179595947e-01	3.078927040100097656e+00
1.098037600517272949e+00	3.206785917282104492e+00
-9.257066994905471802e-02	-1.381474494934082031e+00
3.911113739013671875e+00	3.477551221847534180e+00
2.433609008789062500e+00	1.267913222312927246e+00
3.465220212936401367e+00	3.989839315414428711e+00
-8.912467211484909058e-02	-2.083754777908325195e+00
4.606831550598144531e+00	3.483854293823242188e+00
-6.549326181411743164e-01	4.323214054107666016e+00
3.401608705520629883e+00	3.357727050781250000e+00
-3.249118328094482422e-01	3.400918245315551758e+00
-9.126820564270019531e+00	-1.557888269424438477e+00
-6.717301011085510254e-01	4.611975669860839844e+00
-5.512431621551513672e+00	6.566994190216064453e+00
-1.086588501930236816e+00	4.854291915893554688e+00
-3.747439086437225342e-01	3.452006101608276367e+00
2.757492065429687500e+00	3.332267522811889648e+00
1.778110265731811523e+00	-1.296632289886474609e+00
2.153382301330566406e+00	5.569034218788146973e-01
8.776972293853759766e-01	2.812914609909057617e+00
-5.416645407676696777e-01	5.892521858215332031e+00
-1.673385143280029297e+00	4.648992061614990234e+00
1.469943165779113770e+00	3.389935970306396484e+00
2.269026279449462891e+00	4.909996688365936279e-01
-2.834634780883789062e-01	2.983627319335937500e+00
5.934824347496032715e-01	2.726911783218383789e+00
4.969291687011718750e+00	3.865959882736206055e+00
-3.044831275939941406e+00	5.582702636718750000e+00
4.194507122039794922e+00	3.065574645996093750e+00
3.428775072097778320e+00	4.169270515441894531e+00
-6.491846561431884766e+00	-1.254548430442810059e+00
-2.903731584548950195e+00	5.634833812713623047e+00
3.538581609725952148e+00	3.151120901107788086e+00
2.576110839843750000e+00	3.365734815597534180e+00
-3.295725822448730469e+00	-2.781928777694702148e+00
3.035878181457519531e+00	1.893126845359802246e+00
2.976102352142333984e+00	4.825054645538330078e+00
2.483516216278076172e+00	4.384565353393554688e+00
-1.711728692054748535e+00	5.880603790283203125e+00
2.189293384552001953e+00	2.409936189651489258e+00
9.112470597028732300e-02	2.761962652206420898e+00
2.261840581893920898e+00	3.784175634384155273e+00
-7.041188716888427734e+00	-1.922245502471923828e+00
3.599888801574707031e+00	4.175244808197021484e+00
-1.114367246627807617e+00	5.237740516662597656e+00
3.267235279083251953e+00	3.108572721481323242e+00
-6.490364074707031250e+00	-2.518640756607055664e+00
3.434459686279296875e+00	3.014829158782958984e+00
-1.820856928825378418e+00	-2.766202092170715332e-01
3.392954111099243164e+00	-1.572483658790588379e+00
3.142850399017333984e+00	1.702866077423095703e+00
4.108356952667236328e+00	4.403605937957763672e+00
-2.278477907180786133e+00	5.950232982635498047e+00
1.920833230018615723e+00	3.508376121520996094e+00
1.676902294158935547e+00	3.630080461502075195e+00
4.739568710327148438e+00	2.598810434341430664e+00
9.986572861671447754e-01	1.945254564285278320e+00
-3.247632682323455811e-01	4.113498687744140625e+00
2.072000980377197266e+00	-1.205692648887634277e+00
8.320849537849426270e-01	3.079946756362915039e+00
-2.001985073089599609e+00	4.403927803039550781e+00
3.395552635192871094e+00	3.343337059020996094e+00
-3.296465873718261719e-01	2.711988449096679688e+00
1.782387733459472656e+00	3.666696310043334961e+00
9.990258812904357910e-01	3.638945102691650391e+00
-5.489141941070556641e+00	6.563734054565429688e+00
-8.326541781425476074e-01	3.398691892623901367e+00
4.205887615680694580e-01	4.275519371032714844e+00
1.607370972633361816e+00	5.671041965484619141e+00
4.038063049316406250e+00	3.680277824401855469e+00
-3.968856930732727051e-01	3.474657773971557617e+00
-1.289767026901245117e+00	3.857504367828369141e+00
3.403422117233276367e+00	4.344881534576416016e+00
1.758791923522949219e+00	4.905400276184082031e+00
3.046797275543212891e+00	4.904160022735595703e+00
-1.342106163501739502e-01	4.138200759887695312e+00
-8.855407834053039551e-01	2.659760713577270508e+00
3.027562618255615234e+00	4.396958827972412109e+00
1.563713669776916504e+00	5.669023036956787109e+00
3.997073650360107422e+00	4.476219177246093750e+00
6.963575482368469238e-01	3.685716629028320312e+00
-1.008978128433227539e+00	4.137280941009521484e+00
2.749606847763061523e+00	7.202852964401245117e-01
5.266984701156616211e-01	3.626773357391357422e+00
2.036650180816650391e+00	3.838533639907836914e+00
-1.158985257148742676e+00	5.022396564483642578e+00
2.511419773101806641e+00	4.430809020996093750e+00
-5.002130866050720215e-01	5.109332561492919922e+00
-3.584909737110137939e-01	3.846840381622314453e+00
4.330319166183471680e-01	4.329294681549072266e+00
1.373821377754211426e+00	4.346720218658447266e+00
5.099241062998771667e-02	4.696463108062744141e+00
1.541581392288208008e+00	4.780504226684570312e+00
3.495345115661621094e+00	3.681568145751953125e+00
2.996311426162719727e+00	4.382962226867675781e+00
2.033032655715942383e+00	3.408386468887329102e+00
3.369845867156982422e+00	4.800320625305175781e+00
4.095135033130645752e-01	5.130681037902832031e+00
-1.327880263328552246e+00	4.706321716308593750e+00
2.306076526641845703e+00	4.475687980651855469e+00
-7.337187528610229492e-01	4.523888111114501953e+00
2.422745972871780396e-01	5.200998306274414062e+00
-1.977402120828628540e-01	5.037373065948486328e+00
1.870258927345275879e+00	4.647056102752685547e+00
-9.332863092422485352e-01	2.987185716629028320e+00
2.696871042251586914e+00	2.941537857055664062e+00
-1.600334644317626953e+00	4.866036415100097656e+00
3.051935672760009766e+00	1.474271059036254883e+00
9.569712281227111816e-01	4.973068714141845703e+00
3.395422995090484619e-01	3.270850658416748047e+00
2.067988634109497070e+00	3.541146278381347656e+00
8.684383630752563477e-01	4.346234321594238281e+00
-1.116302967071533203e+00	3.008172273635864258e+00
2.266048669815063477e+00	2.694489717483520508e+00
-6.275547146797180176e-01	3.655051469802856445e+00
5.164320468902587891e+00	4.020265579223632812e+00
3.240237832069396973e-01	2.791922807693481445e+00
-4.559890627861022949e-01	4.386562824249267578e+00
2.155388832092285156e+00	3.270513057708740234e+00
2.199890613555908203e+00	3.635626077651977539e+00
1.781500935554504395e+00	3.288769483566284180e+00
-1.466867446899414062e+00	4.082263469696044922e+00
-8.967675566673278809e-01	2.408220529556274414e+00
-2.956097841262817383e+00	5.857204437255859375e+00
5.908479094505310059e-01	2.608511686325073242e+00
4.770210742950439453e+00	3.958538532257080078e+00
5.936521291732788086e-01	5.060785293579101562e+00
3.530108451843261719e+00	4.397628307342529297e+00
1.414359211921691895e+00	5.865324974060058594e+00
6.019175648689270020e-01	5.250113487243652344e+00
-3.169187009334564209e-01	4.235358238220214844e+00
-1.636404275894165039e+00	3.790765523910522461e+00
-8.647602200508117676e-01	4.203118801116943359e+00
-9.455338716506958008e-01	5.131935119628906250e+00
4.121909618377685547e+00	4.360170364379882812e+00
4.456131935119628906e+00	3.689090728759765625e+00
-3.089976310729980469e-02	4.031315803527832031e+00
-2.218536138534545898e+00	4.947361469268798828e+00
-1.849313616752624512e+00	4.951027870178222656e+00
5.723432898521423340e-01	1.482344985008239746e+00
7.623858749866485596e-02	5.009038925170898438e+00
1.053712844848632812e+00	3.797099590301513672e+00
3.187868297100067139e-01	3.519732236862182617e+00
4.913195133209228516e+00	3.897464752197265625e+00
2.764849424362182617e+00	3.390536069869995117e+00
4.022091388702392578e+00	4.028275489807128906e+00
-5.724237442016601562e+00	6.494156360626220703e+00
-5.479544401168823242e-01	2.909148454666137695e+00
-8.642483949661254883e-01	5.915833473205566406e+00
5.052757740020751953e+00	3.978264331817626953e+00
-1.968379169702529907e-01	2.496605873107910156e+00
8.858240842819213867e-01	3.224191665649414062e+00
-1.228318929672241211e+00	3.799230813980102539e+00
2.740737199783325195e+00	4.757635593414306641e+00
3.075036525726318359e+00	4.261006832122802734e+00
1.079520344734191895e+00	3.128864526748657227e+00
2.683042526245117188e+00	4.202459812164306641e+00
6.755278110504150391e-01	1.419957041740417480e+00
-1.548206448554992676e+00	5.145629405975341797e+00
-2.755074977874755859e+00	5.606317520141601562e+00
-9.603095650672912598e-01	4.485781669616699219e+00
1.429506421089172363e+00	4.669253826141357422e+00
-5.341472625732421875e-01	4.641812801361083984e+00
1.243261814117431641e+00	2.948001384735107422e+00
3.237472057342529297e+00	3.557085037231445312e+00
-3.099320270121097565e-02	4.440277576446533203e+00
2.924041748046875000e+00	7.575055956840515137e-01
-9.035230278968811035e-01	5.495882034301757812e+00
1.154175400733947754e+00	4.033771991729736328e+00
-3.123559236526489258e+00	5.781037807464599609e+00
2.946179866790771484e+00	3.411753416061401367e+00
3.228600323200225830e-02	3.545840263366699219e+00
1.278126478195190430e+00	3.738220453262329102e+00
-9.097982645034790039e-01	3.686053991317749023e+00
4.563917160034179688e+00	3.975134372711181641e+00
3.633709430694580078e+00	4.284430980682373047e+00
3.939947605133056641e+00	4.000312328338623047e+00
2.554597377777099609e+00	4.006535053253173828e+00
1.954462826251983643e-01	1.760501146316528320e+00
3.212244749069213867e+00	4.163352966308593750e+00
-5.708831310272216797e+00	6.636855602264404297e+00
2.534369707107543945e+00	4.352418422698974609e+00
3.185681581497192383e+00	1.387330412864685059e+00
1.944915294647216797e+00	4.061408519744873047e+00
-1.278582334518432617e+00	3.693037748336791992e+00
2.083196401596069336e+00	3.222912788391113281e+00
-2.064060688018798828e+00	4.531138896942138672e+00
4.275785923004150391e+00	3.232674837112426758e+00
4.129773139953613281e+00	4.342951297760009766e+00
3.382146835327148438e+00	3.253230810165405273e+00
3.081995248794555664e+00	3.798468589782714844e+00
-4.367472529411315918e-01	5.116112709045410156e+00
2.744462966918945312e+00	4.148377895355224609e+00
-1.239385008811950684e+00	3.448645353317260742e+00
-2.888428449630737305e+00	5.017056941986083984e+00
3.006020307540893555e+00	4.417030811309814453e+00
3.123078346252441406e-01	2.307594060897827148e+00
-2.005232334136962891e+00	4.657517910003662109e+00
-1.170350790023803711e+00	4.927413463592529297e+00
2.195603996515274048e-01	4.721511363983154297e+00
-1.780521035194396973e+00	4.115273952484130859e+00
-2.316578626632690430e+00	4.737237930297851562e+00
8.894577026367187500e-01	4.462401390075683594e+00
4.816067218780517578e+00	2.714295625686645508e+00
2.813221931457519531e+00	3.347271919250488281e+00
1.713121652603149414e+00	3.596123933792114258e+00
4.827236652374267578e+00	3.756131649017333984e+00
1.255458474159240723e+00	5.801731586456298828e+00
-2.968806028366088867e-01	4.648691654205322266e+00
1.357360839843750000e+00	5.474325180053710938e+00
2.099546432495117188e+00	3.389726877212524414e+00
9.492624998092651367e-01	2.996946334838867188e+00
2.781355381011962891e+00	4.529026508331298828e+00
-1.246124505996704102e+00	3.312381267547607422e+00
6.752431392669677734e-01	2.974465608596801758e+00
-3.233176171779632568e-01	4.079995155334472656e+00
3.183618307113647461e+00	3.889988422393798828e+00
2.663838148117065430e+00	4.692951202392578125e+00
3.019201755523681641e+00	3.246081113815307617e+00
-2.555897235870361328e-01	2.470279693603515625e+00
2.984559535980224609e+00	4.878793716430664062e+00
3.392734050750732422e+00	3.129975557327270508e+00
5.431690216064453125e-01	5.177398681640625000e+00
4.281593322753906250e+00	3.758920669555664062e+00
3.730422496795654297e+00	4.148426055908203125e+00
2.919867038726806641e+00	3.394340515136718750e+00
2.436887741088867188e+00	3.665297508239746094e+00
-6.746578216552734375e-01	3.016587018966674805e+00
3.203707695007324219e+00	3.497905254364013672e+00
3.264145851135253906e+00	3.129196882247924805e+00
3.039056360721588135e-01	3.075277090072631836e+00
2.421529531478881836e+00	3.862917184829711914e+00
1.534368753433227539e+00	4.429499626159667969e+00
2.071090459823608398e+00	1.410766601562500000e+00
-1.650164008140563965e+00	5.749365329742431641e+00
-2.064382553100585938e+00	4.617828845977783203e+00
-5.083956122398376465e-01	4.120691776275634766e+00
3.436868906021118164e+00	4.088858127593994141e+00
2.140122652053833008e+00	2.702991724014282227e+00
3.286442279815673828e+00	4.725010871887207031e+00
1.210731148719787598e+00	4.482512950897216797e+00
-5.534604072570800781e+00	6.491811275482177734e+00
3.351642370223999023e+00	4.394115447998046875e+00
1.513468384742736816e+00	4.566403388977050781e+00
-8.213424682617187500e+00	-2.657059431076049805e+00
-9.560921192169189453e-01	4.608698844909667969e+00
-5.191075801849365234e-01	3.576251268386840820e+00
1.777205348014831543e+00	3.840252399444580078e+00
4.072356224060058594e+00	3.862435340881347656e+00
2.321283340454101562e+00	1.649046421051025391e+00
-2.586085081100463867e+00	4.352124691009521484e+00
-9.121950268745422363e-01	3.649079799652099609e+00
-1.154761537909507751e-01	4.061967372894287109e+00
3.087948560714721680e+00	7.562345266342163086e-01
3.577252626419067383e+00	3.734289169311523438e+00
-2.038523197174072266e+00	5.015690803527832031e+00
1.466330885887145996e+00	1.674881696701049805e+00
-1.529738008975982666e-01	4.528841495513916016e+00
2.344902753829956055e+00	3.244288682937622070e+00
-4.241716861724853516e-01	5.219893455505371094e+00
9.311819672584533691e-01	3.873368024826049805e+00
2.872823476791381836e+00	4.317199230194091797e+00
3.759357452392578125e+00	3.601331710815429688e+00
2.533934116363525391e+00	3.676873445510864258e+00
4.406492710113525391e+00	4.351295471191406250e+00
3.816992998123168945e+00	4.602559566497802734e+00
-5.783844947814941406e+00	6.691264629364013672e+00
3.824208630248904228e-03	4.765882492065429688e+00
1.969038128852844238e+00	2.682297945022583008e+00
2.349906444549560547e+00	4.790880680084228516e+00
-2.978826284408569336e+00	5.516055583953857422e+00
2.152516841888427734e+00	1.054699420928955078e+00
2.744992971420288086e+00	3.915672063827514648e+00
3.459053039550781250e+00	3.558819770812988281e+00
-6.552118659019470215e-01	3.343355417251586914e+00
-8.633658289909362793e-02	2.021667003631591797e+00
3.610407352447509766e+00	3.655492782592773438e+00
5.370029211044311523e-01	5.196682929992675781e+00
2.482711553573608398e+00	6.239168643951416016e-01
2.028416395187377930e+00	5.591717958450317383e-01
2.793456554412841797e+00	3.633033752441406250e+00
4.374856472015380859e+00	2.951622247695922852e+00
-1.365096104564145207e-04	1.698626637458801270e+00
-9.193969368934631348e-01	5.782801151275634766e+00
4.541682720184326172e+00	4.019964218139648438e+00
-1.427816748619079590e+00	3.886154651641845703e+00
1.187204837799072266e+00	4.435835361480712891e+00
2.691230535507202148e+00	1.748350262641906738e+00
6.616554409265518188e-02	1.794258713722229004e+00
2.555563926696777344e+00	1.838063836097717285e+00
-1.032984614372253418e+00	4.045667171478271484e+00
3.358173131942749023e+00	1.151989459991455078e+00
-4.727398753166198730e-01	4.639427661895751953e+00
-1.162895653396844864e-02	5.255143165588378906e+00
1.323725730180740356e-01	2.264391660690307617e+00
-1.907618403434753418e+00	5.186891078948974609e+00
3.286109685897827148e+00	1.928007125854492188e+00
7.498320937156677246e-01	4.048944950103759766e+00
-1.607829034328460693e-01	3.851099967956542969e+00
1.990126013755798340e+00	3.999861717224121094e+00
-2.137043237686157227e+00	5.950585842132568359e+00
-6.849626302719116211e-01	3.582090616226196289e+00
-9.549732804298400879e-01	5.299206733703613281e+00
-1.691822886466979980e+00	5.444173812866210938e+00
1.952432632446289062e+00	4.372900962829589844e+00
6.912986636161804199e-01	1.941948175430297852e+00
-8.841094970703125000e-01	4.849681854248046875e+00
-1.623883485794067383e+00	4.509338855743408203e+00
1.849476814270019531e+00	1.628425955772399902e+00
-8.217800855636596680e-01	4.427338600158691406e+00
-8.843487128615379333e-03	5.274037837982177734e+00
4.185335040092468262e-01	1.553842902183532715e+00
-1.906173229217529297e+00	5.438701629638671875e+00
-5.601350784301757812e+00	6.527861595153808594e+00
-3.196815967559814453e+00	5.713230133056640625e+00
-2.036539793014526367e+00	4.966252803802490234e+00
1.282484054565429688e+00	3.737771034240722656e+00
-6.147497892379760742e-01	3.173065900802612305e+00
3.657896041870117188e+00	3.516456604003906250e+00
1.212838768959045410e+00	3.579471588134765625e+00
4.286540448665618896e-01	1.791219830513000488e+00
4.576488018035888672e+00	3.809351205825805664e+00
-1.842334270477294922e+00	5.000428199768066406e+00
1.538964867591857910e+00	4.367114067077636719e+00
-2.586995840072631836e+00	4.743556499481201172e+00
2.316717386245727539e+00	3.471278190612792969e+00
1.464502453804016113e+00	3.994996547698974609e+00
3.833055019378662109e+00	4.537906646728515625e+00
3.304864883422851562e+00	4.636513233184814453e+00
1.972780704498291016e+00	3.475005149841308594e+00
2.910206079483032227e+00	3.720997810363769531e+00
-1.525116086006164551e+00	3.664092302322387695e+00
-2.266518115997314453e+00	4.809851646423339844e+00
-1.066155791282653809e+00	4.793226718902587891e+00
1.113920569419860840e+00	5.765175342559814453e+00
-8.172758817672729492e-01	4.679573535919189453e+00
6.718990206718444824e-01	4.058204174041748047e+00
1.035847425460815430e+00	2.537908315658569336e+00
-5.624065399169921875e-01	3.670290470123291016e+00
1.627512574195861816e-01	3.599078893661499023e+00
1.586914062500000000e+00	3.027643442153930664e+00
8.097847104072570801e-01	2.641655921936035156e+00
4.170112907886505127e-01	3.119937419891357422e+00
-8.981864452362060547e-01	5.751022815704345703e+00
-3.447748124599456787e-01	3.157754182815551758e+00
2.485878705978393555e+00	3.564786672592163086e+00
3.897274285554885864e-02	3.294234037399291992e+00
1.337597370147705078e+00	3.540145874023437500e+00
3.803708851337432861e-01	3.450166463851928711e+00
-5.590400695800781250e+00	6.562020778656005859e+00
1.781118273735046387e+00	3.819997072219848633e+00
-6.436586976051330566e-01	4.446109771728515625e+00
4.344231128692626953e+00	4.291309833526611328e+00
-7.890675067901611328e-01	3.869716644287109375e+00
-1.039674878120422363e+00	4.160645961761474609e+00
1.243965387344360352e+00	3.633304595947265625e+00
-1.189173340797424316e+00	4.214132308959960938e+00
1.084840178489685059e+00	3.902894973754882812e+00
2.575767755508422852e+00	4.309676647186279297e+00
-7.561396360397338867e-01	3.894403696060180664e+00
2.059464693069458008e+00	4.090800285339355469e+00
4.789090633392333984e+00	3.175346136093139648e+00
3.055499792098999023e+00	4.099765777587890625e+00
-9.781221151351928711e-01	4.030801773071289062e+00
2.560978412628173828e+00	2.462826013565063477e+00
4.907597541809082031e+00	3.877487182617187500e+00
-2.025369405746459961e+00	6.010043144226074219e+00
4.568798243999481201e-01	4.060300350189208984e+00
2.306517839431762695e+00	5.763192176818847656e-01
1.856206774711608887e+00	5.554709434509277344e+00
1.494950532913208008e+00	4.329291343688964844e+00
-6.176494359970092773e-01	3.428150177001953125e+00
-1.961210250854492188e+00	5.205921649932861328e+00
3.247104167938232422e+00	3.648241281509399414e+00
4.173037052154541016e+00	3.459320783615112305e+00
3.416065454483032227e+00	3.998432636260986328e+00
-1.497258186340332031e+00	3.940329551696777344e+00
9.110221266746520996e-01	4.133671283721923828e+00
-8.720920085906982422e-01	2.966522693634033203e+00
-2.213693261146545410e-01	4.560320377349853516e+00
4.473753273487091064e-01	1.492176413536071777e+00
1.763293862342834473e+00	4.472583770751953125e+00
2.539477050304412842e-01	3.775684595108032227e+00
-1.340496063232421875e+00	4.668660640716552734e+00
-1.221700072288513184e+00	3.196234226226806641e+00
3.276464939117431641e+00	4.422966480255126953e+00
-2.351228237152099609e+00	4.892569065093994141e+00
-1.954520344734191895e+00	4.347008228302001953e+00
-1.222836136817932129e+00	3.732184886932373047e+00
6.527408361434936523e-01	3.204280853271484375e+00
3.907484710216522217e-01	4.462745189666748047e+00
2.525833368301391602e+00	4.678211688995361328e+00
1.851754426956176758e+00	4.011039733886718750e+00
3.895966529846191406e+00	3.980008125305175781e+00
3.590237140655517578e+00	4.649479866027832031e+00
6.151359677314758301e-01	2.820744514465332031e+00
-2.023838996887207031e+00	5.076479434967041016e+00
-2.419234037399291992e+00	4.692667961120605469e+00
-5.458953976631164551e-01	5.037015438079833984e+00
3.811363697052001953e+00	2.565192461013793945e+00
3.740774691104888916e-01	4.357219696044921875e+00
1.952721476554870605e+00	4.858337044715881348e-01
2.354135513305664062e+00	4.385771274566650391e+00
3.303080081939697266e+00	3.333401918411254883e+00
2.078911304473876953e+00	4.227830410003662109e+00
3.980067014694213867e+00	3.926752090454101562e+00
1.729746341705322266e+00	5.612468242645263672e+00
2.016585826873779297e+00	4.756313323974609375e+00
1.063832044601440430e+00	3.521746158599853516e+00
-2.724902391433715820e+00	5.988775730133056641e+00
-2.077572822570800781e+00	5.119095325469970703e+00
3.585698843002319336e+00	4.269911289215087891e+00
4.088957309722900391e+00	4.408001899719238281e+00
-7.220236659049987793e-01	4.791678905487060547e+00
-9.324181675910949707e-01	3.220242738723754883e+00
-1.662059903144836426e+00	-8.952708840370178223e-01
-2.709185838699340820e+00	5.137486457824707031e+00
2.801058053970336914e+00	2.594272613525390625e+00
-5.481703281402587891e+00	6.516455650329589844e+00
-1.760153889656066895e+00	4.670555591583251953e+00
5.263719558715820312e+00	1.337707638740539551e+00
-4.807730674743652344e+00	-2.641196250915527344e+00
-3.038418292999267578e-01	5.113689422607421875e+00
-1.309692978858947754e+00	5.586390018463134766e+00
-9.524070620536804199e-01	5.062250137329101562e+00
-1.779963135719299316e+00	6.030107975006103516e+00
1.770821660757064819e-01	4.931813716888427734e+00
-1.252176165580749512e+00	5.442673206329345703e+00
4.644100189208984375e+00	3.323768377304077148e+00
-2.051807880401611328e+00	4.425211906433105469e+00
-2.182019233703613281e+00	5.818781852722167969e+00
-2.016658782958984375e+00	6.051004886627197266e+00
-2.843136072158813477e+00	-3.032310724258422852e+00
4.997357368469238281e+00	2.627597808837890625e+00
-1.060913801193237305e+00	5.428433895111083984e+00
-2.852827012538909912e-01	3.450694322586059570e+00
-1.949278831481933594e+00	5.845821380615234375e+00
-1.265465855598449707e+00	5.293540477752685547e+00
-2.027030944824218750e+00	-2.613272666931152344e+00
-1.517565846443176270e-01	3.718164443969726562e+00
3.867229223251342773e+00	-1.343923926353454590e+00
-3.007987499237060547e+00	5.346407413482666016e+00
9.841585159301757812e-02	5.222148418426513672e+00
3.674750030040740967e-01	4.664252281188964844e+00
5.224096775054931641e+00	1.370896935462951660e+00
-1.454286575317382812e+00	5.104683876037597656e+00
-3.039512634277343750e+00	-3.321284294128417969e+00
4.940667629241943359e+00	2.677303552627563477e+00
-2.700027704238891602e+00	4.897487163543701172e+00
-1.274591565132141113e+00	4.759531497955322266e+00
-2.656623840332031250e+00	4.753766059875488281e+00
-7.028393745422363281e-01	4.887171268463134766e+00
-2.768539905548095703e+00	5.796460151672363281e+00
5.361557960510253906e+00	1.211228489875793457e+00
-1.905971646308898926e+00	5.630737781524658203e+00
-2.329631328582763672e+00	5.974157333374023438e+00
3.427139759063720703e+00	9.525989294052124023e-01
-5.472928047180175781e+00	6.507526874542236328e+00
-2.200883150100708008e+00	4.018654346466064453e+00
-9.315113067626953125e+00	-1.761292219161987305e+00
-3.119597673416137695e+00	5.560710430145263672e+00
-2.209589004516601562e+00	4.796824455261230469e+00
-3.219181776046752930e+00	5.702493190765380859e+00
-1.838871121406555176e+00	5.336591243743896484e+00
5.292245864868164062e+00	1.259741067886352539e+00
-2.279918670654296875e+00	5.629635334014892578e+00
1.393392443656921387e+00	-1.172398686408996582e+00
-2.910265207290649414e+00	5.444738388061523438e+00
-1.482269406318664551e+00	5.921703338623046875e+00
-3.021278619766235352e+00	5.907532691955566406e+00
-2.816608667373657227e+00	5.213864326477050781e+00
-5.435552597045898438e+00	6.617252349853515625e+00
-1.104558348655700684e+00	5.718306064605712891e+00
-2.075408697128295898e+00	4.780454158782958984e+00
-2.841157674789428711e+00	5.881985187530517578e+00
3.517179727554321289e+00	4.491100311279296875e+00
-2.549398183822631836e+00	-2.100255012512207031e+00
-1.945796370506286621e+00	5.361811161041259766e+00
-2.288629055023193359e+00	5.585449695587158203e+00
5.321966648101806641e+00	1.247614145278930664e+00
-1.819011330604553223e+00	5.313223838806152344e+00
-2.216649532318115234e+00	5.675595283508300781e+00
-8.216263771057128906e+00	-2.836236000061035156e+00
-2.876316547393798828e+00	5.363009929656982422e+00
-1.549932003021240234e+00	4.568282604217529297e+00
-8.434340476989746094e+00	-2.212352514266967773e+00
2.035370111465454102e+00	1.386574864387512207e+00
-5.138053417205810547e+00	-1.879031419754028320e+00
-7.071322441101074219e+00	-2.336678981781005859e+00
-7.382695198059082031e+00	-1.022754549980163574e+00
-8.426763534545898438e+00	-2.629310369491577148e+00
-9.312016963958740234e-01	4.510974407196044922e+00
-9.551478385925292969e+00	-1.466839075088500977e+00
-1.774824261665344238e-01	2.342941999435424805e+00
2.468722760677337646e-01	4.318156242370605469e+00
1.926285505294799805e+00	-1.875927925109863281e+00
2.782599210739135742e+00	2.506118297576904297e+00
-1.415426731109619141e+00	5.620529651641845703e+00
-1.875752449035644531e+00	4.822350025177001953e+00
-3.222079277038574219e+00	5.910095214843750000e+00
-2.915797710418701172e+00	5.911371231079101562e+00
3.125606060028076172e+00	2.148108959197998047e+00
-2.217099666595458984e+00	5.193276405334472656e+00
2.615052223205566406e+00	2.364287376403808594e+00
-1.985532641410827637e+00	5.913678169250488281e+00
3.572515249252319336e+00	1.582986235618591309e+00
5.115358829498291016e+00	3.949696302413940430e+00
-1.222800731658935547e+00	4.393923282623291016e+00
1.018835902214050293e+00	5.885591030120849609e+00
-2.720443725585937500e+00	5.658988952636718750e+00
-9.428578615188598633e-01	4.776003837585449219e+00
1.589464694261550903e-01	5.125456333160400391e+00
-1.768869161605834961e+00	5.120096206665039062e+00
-2.447638034820556641e+00	6.086525440216064453e+00
-8.392790794372558594e+00	-1.490273952484130859e+00
-5.658726215362548828e+00	6.556462287902832031e+00
-5.668285846710205078e+00	6.647470474243164062e+00
-5.637314319610595703e+00	6.493128776550292969e+00
-2.331768035888671875e+00	5.851459503173828125e+00
-1.936773300170898438e+00	5.616044521331787109e+00
-6.921580433845520020e-01	4.580827713012695312e+00
-5.056260228157043457e-01	4.559545993804931641e+00
3.869648933410644531e+00	-1.245522499084472656e+00
6.437609195709228516e-01	3.794500589370727539e+00
-6.196395158767700195e-01	3.687270164489746094e+00
-2.873123168945312500e+00	5.762536048889160156e+00
-1.099070310592651367e+00	5.760633945465087891e+00
-1.322696924209594727e+00	5.062715530395507812e+00
-4.673808515071868896e-01	3.461585044860839844e+00
-6.605305671691894531e-01	4.818156242370605469e+00
3.918572902679443359e+00	-1.303719997406005859e+00
-1.735278844833374023e+00	5.195529460906982422e+00
-5.396799564361572266e+00	6.570957183837890625e+00
-1.384951472282409668e+00	-8.870193362236022949e-01
-2.049728333950042725e-01	3.703295946121215820e+00
-8.202506065368652344e+00	-1.051424860954284668e+00
-1.011987090110778809e+00	5.476649761199951172e+00
-2.479587554931640625e+00	6.289556026458740234e+00
-2.005625724792480469e+00	6.118169307708740234e+00
-2.798741102218627930e+00	5.180380821228027344e+00
-2.252671957015991211e+00	4.536966323852539062e+00
-2.881547689437866211e+00	5.956304550170898438e+00
1.043675661087036133e+00	2.005508899688720703e+00
-2.957247018814086914e+00	5.432024002075195312e+00
-2.211619853973388672e+00	4.648137569427490234e+00
-1.327282309532165527e+00	4.173963069915771484e+00
-2.206382751464843750e+00	5.926001548767089844e+00
-2.286214828491210938e+00	6.203526973724365234e+00
-2.642965555191040039e+00	6.059836864471435547e+00
-2.148679256439208984e+00	5.892134666442871094e+00
-2.592100143432617188e+00	4.600827217102050781e+00
-7.062644362449645996e-01	5.378843784332275391e+00
-2.510718107223510742e+00	-3.575783967971801758e+00
5.397240072488784790e-02	3.814848184585571289e+00
-2.364506483078002930e+00	5.325740814208984375e+00
-1.491001844406127930e+00	4.207495212554931641e+00
-5.689776897430419922e+00	6.624111175537109375e+00
-1.346046686172485352e+00	5.048676013946533203e+00
-2.857784986495971680e+00	5.947948932647705078e+00
-2.890544235706329346e-01	4.206895351409912109e+00
-2.190077781677246094e+00	5.823599338531494141e+00
-7.568126320838928223e-01	4.357488632202148438e+00
-2.581828832626342773e+00	5.243638038635253906e+00
-2.555331468582153320e+00	5.334465980529785156e+00
-2.212773799896240234e+00	6.107694149017333984e+00
-7.230553627014160156e-01	4.669276714324951172e+00
-2.151845216751098633e+00	5.979515075683593750e+00
-1.837441802024841309e+00	6.006260395050048828e+00
-5.573252677917480469e+00	6.503680706024169922e+00
4.852377414703369141e+00	3.248635530471801758e+00
-2.003672361373901367e+00	5.421424865722656250e+00
-2.629444837570190430e+00	4.776764392852783203e+00
-1.878834247589111328e+00	4.450056076049804688e+00
-1.019283294677734375e+00	5.903082370758056641e+00
-7.948505133390426636e-02	4.848136901855468750e+00
-7.657558321952819824e-01	5.946527481079101562e+00
-3.097254753112792969e+00	5.760004997253417969e+00
-2.737779617309570312e+00	4.940125942230224609e+00
-1.398920178413391113e+00	4.184982299804687500e+00
-5.690112113952636719e+00	6.613451480865478516e+00
1.759845972061157227e+00	-3.144687652587890625e+00
-4.035471916198730469e+00	-2.425646781921386719e+00
-3.914841651916503906e+00	-2.169481039047241211e+00
-2.256826639175415039e+00	-2.970485448837280273e+00
-8.304923057556152344e+00	-2.717937469482421875e+00
2.995263338088989258e+00	-2.269872665405273438e+00
-9.232808113098144531e+00	-1.313225746154785156e+00
-6.340202808380126953e+00	-2.395465373992919922e+00
2.235046386718750000e+00	4.775304496288299561e-01
-6.924666404724121094e+00	-1.013729572296142578e+00
-2.101840019226074219e+00	5.738635063171386719e+00
1.087470173835754395e+00	-3.407374620437622070e-01
-7.350229263305664062e+00	-1.091706752777099609e+00
3.585725784301757812e+00	2.554053783416748047e+00
-7.556635379791259766e+00	-1.481932640075683594e+00
2.031431913375854492e+00	-2.142750740051269531e+00
1.454425096511840820e+00	-8.599446713924407959e-02
2.970934629440307617e+00	-1.011077389121055603e-01
-4.428699970245361328e+00	-2.976939439773559570e+00
-7.281051635742187500e+00	-1.134315609931945801e+00
-7.821024894714355469e+00	-1.253870844841003418e+00
-1.464672327041625977e+00	-2.162500023841857910e-01
-8.637834548950195312e+00	-1.378025650978088379e+00
-8.043889999389648438e+00	-1.922825694084167480e+00
1.405819892883300781e+00	2.466865301132202148e+00
-1.308274149894714355e+00	-4.900870621204376221e-01
-4.351203918457031250e+00	-2.844045639038085938e+00
-9.475850105285644531e+00	-1.564842104911804199e+00
-3.574429988861083984e+00	-3.074385643005371094e+00
-2.487054020166397095e-01	-2.098622798919677734e+00
-7.861885070800781250e+00	-1.402657628059387207e+00
-7.274466514587402344e+00	-1.858758687973022461e+00
-6.763304233551025391e+00	-2.588644742965698242e+00
-2.462961435317993164e+00	-1.582676291465759277e+00
-3.763557910919189453e+00	-8.896463513374328613e-01
-5.460306644439697266e+00	-1.658119797706604004e+00
-8.441764831542968750e+00	-2.220755100250244141e+00
1.591155409812927246e+00	4.078397274017333984e+00
-5.163238525390625000e+00	-1.982291460037231445e+00
-3.693033695220947266e+00	-2.477172136306762695e+00
1.340921282768249512e+00	-5.019716620445251465e-01
-3.426217079162597656e+00	-3.350252389907836914e+00
-4.959839344024658203e+00	-1.406105041503906250e+00
1.777427792549133301e+00	-3.116275548934936523e+00
9.011940956115722656e-01	3.151000261306762695e+00
-8.632246017456054688e+00	-2.225110769271850586e+00
2.520481586456298828e+00	-1.833344578742980957e+00
-9.214502334594726562e+00	-1.420072674751281738e+00
8.368479460477828979e-02	-1.409708023071289062e+00
-8.943027496337890625e+00	-1.453800678253173828e+00
-9.029442787170410156e+00	-1.233674764633178711e+00
1.855413198471069336e+00	-2.758188486099243164e+00
-4.479877471923828125e+00	-1.357582926750183105e+00
1.544074535369873047e+00	-9.214663505554199219e-01
-6.708995342254638672e+00	-1.196310281753540039e+00
-3.216071844100952148e+00	-2.989547491073608398e+00
-9.460653305053710938e+00	-1.560527324676513672e+00
-2.095085859298706055e+00	-3.123169183731079102e+00
1.621716737747192383e+00	-3.145168781280517578e+00
-7.275543689727783203e+00	-1.672835707664489746e+00
3.519304752349853516e+00	-1.836357474327087402e+00
-4.473599433898925781e+00	-2.992871046066284180e+00
-7.403450012207031250e+00	-1.499869704246520996e+00
3.927503824234008789e+00	2.100507497787475586e+00
-2.868188858032226562e+00	-4.459302425384521484e-01
1.603969097137451172e+00	1.968609333038330078e+00
-1.417992472648620605e+00	-2.988156378269195557e-01
-9.653959423303604126e-02	-1.942354679107666016e+00
3.822934150695800781e+00	4.170944213867187500e+00
-4.174453735351562500e+00	-2.245842933654785156e+00
1.811159610748291016e+00	-2.830359697341918945e+00
-7.592393398284912109e+00	-9.148469567298889160e-01
-3.997760772705078125e+00	-9.801371693611145020e-01
-4.512501239776611328e+00	-1.221439123153686523e+00
-6.738639354705810547e+00	-2.646773576736450195e+00
1.640837788581848145e+00	-3.136103153228759766e+00
-6.655457019805908203e+00	-2.196319580078125000e+00
-8.317774772644042969e+00	-2.588230609893798828e+00
1.861286997795104980e+00	-4.917677342891693115e-01
-8.617817878723144531e+00	-1.893024444580078125e+00
-3.029196500778198242e+00	-2.436496257781982422e+00
1.830211043357849121e+00	-2.745627164840698242e+00
1.045764803886413574e+00	7.627032995223999023e-01
-6.736123085021972656e+00	-9.927869439125061035e-01
-9.591794967651367188e+00	-1.662922263145446777e+00
-7.841105937957763672e+00	-2.814568042755126953e+00
-2.114886999130249023e+00	-2.199097156524658203e+00
-2.571482181549072266e+00	-3.006584644317626953e+00
-7.278966903686523438e+00	-8.119087219238281250e-01
-4.859052181243896484e+00	-1.636044859886169434e+00
-1.566374301910400391e+00	4.650156021118164062e+00
1.898780345916748047e+00	-2.425273418426513672e+00
-6.314430236816406250e+00	-1.865844368934631348e+00
-2.989891290664672852e+00	-3.139816045761108398e+00
-7.425248146057128906e+00	-1.845759153366088867e+00
1.938936114311218262e+00	3.941690921783447266e-01
4.545866489410400391e+00	2.658784627914428711e+00
4.701041698455810547e+00	2.808924913406372070e+00
3.116176605224609375e+00	-2.039964199066162109e+00
4.012510299682617188e+00	2.491415262222290039e+00
-6.993775367736816406e+00	-1.682694792747497559e+00
-8.259004592895507812e+00	-1.064330697059631348e+00
1.748124241828918457e+00	-3.347458124160766602e+00
-8.486119270324707031e+00	-1.988464355468750000e+00
-7.448873519897460938e+00	-1.305211544036865234e+00
-6.835778713226318359e+00	-2.551577091217041016e+00
-1.789028346538543701e-01	-1.475594639778137207e+00
3.005848884582519531e+00	-1.659524440765380859e+00
-5.768959999084472656e+00	-1.836597800254821777e+00
9.288642406463623047e-01	3.043821573257446289e+00
2.335016250610351562e+00	-8.061564564704895020e-01
2.478917360305786133e+00	-9.779646396636962891e-01
-6.669140338897705078e+00	-2.703845500946044922e+00
-2.670794725418090820e+00	-3.208136796951293945e+00
-2.763647556304931641e+00	-3.203228473663330078e+00
1.932453632354736328e+00	-2.861343860626220703e+00
9.252453446388244629e-01	-1.332921147346496582e+00
-2.362721681594848633e+00	-2.875081539154052734e+00
-6.658462524414062500e+00	-1.399635791778564453e+00
4.286009311676025391e+00	3.412310123443603516e+00
3.479229688644409180e+00	-2.118279695510864258e+00
2.028663873672485352e+00	-2.241301059722900391e+00
1.416704535484313965e+00	-1.076760411262512207e+00
-1.619338989257812500e+00	-1.424100995063781738e+00
-1.684676170349121094e+00	-1.678363800048828125e+00
2.850461006164550781e+00	-2.104443788528442383e+00
-2.378771781921386719e+00	-3.540640592575073242e+00
5.250172615051269531e-01	4.106298923492431641e+00
1.624461889266967773e+00	-1.350221753120422363e+00
-1.842742443084716797e+00	-1.937384486198425293e+00
-7.446249008178710938e+00	-1.394443869590759277e+00
-4.369261741638183594e+00	-2.275957107543945312e+00
1.667749047279357910e+00	-2.907876491546630859e+00
2.904951572418212891e+00	2.572911739349365234e+00
-1.581646800041198730e+00	-1.134196519851684570e-01
-1.846694111824035645e+00	-1.673297166824340820e+00
-2.453372240066528320e+00	-1.027199983596801758e+00
1.849716663360595703e+00	-1.058179020881652832e+00
-2.455265760421752930e+00	-8.387743234634399414e-01
3.040999889373779297e+00	-4.263823628425598145e-01
1.923940896987915039e+00	2.540174722671508789e+00
-1.723934650421142578e+00	-1.567192912101745605e+00
-2.558209657669067383e+00	-3.036486148834228516e+00
-1.189572572708129883e+00	-2.189431428909301758e+00
-4.189069569110870361e-02	-1.737573385238647461e+00
-1.553539633750915527e+00	-3.550862371921539307e-01
-9.455221176147460938e+00	-1.610653281211853027e+00
5.328378677368164062e+00	1.297612905502319336e+00
-1.866288542747497559e+00	-3.119081735610961914e+00
-3.194105625152587891e+00	-6.502738595008850098e-01
1.802577137947082520e+00	-2.824149847030639648e+00
-2.674240350723266602e+00	-2.171077966690063477e+00
-2.830088615417480469e+00	-8.965875506401062012e-01
-6.426675319671630859e+00	-1.619913697242736816e+00
1.162348866462707520e+00	1.825478196144104004e+00
3.414007425308227539e+00	-2.226454496383666992e+00
-7.849449157714843750e+00	-1.925091743469238281e+00
-1.564121365547180176e+00	-1.249176263809204102e+00
-8.262901306152343750e+00	-1.191004872322082520e+00
1.694193840026855469e+00	-2.649019718170166016e+00
1.951307415962219238e+00	2.102299213409423828e+00
-2.512951493263244629e-01	-2.118911027908325195e+00
-9.283185958862304688e+00	-1.655524492263793945e+00
2.146004676818847656e+00	-2.513153553009033203e+00
-6.683809757232666016e-01	5.115314483642578125e+00
-5.631820857524871826e-02	-2.198249101638793945e+00
1.684012651443481445e+00	-2.415865898132324219e+00
3.593476772308349609e+00	-1.899390220642089844e+00
-4.819235801696777344e-01	3.337414503097534180e+00
1.664480209350585938e+00	-2.803886890411376953e+00
-1.824954271316528320e+00	-1.764362931251525879e+00
-9.474494934082031250e+00	-1.449276447296142578e+00
-1.934275507926940918e+00	-1.991421341896057129e+00
3.460833311080932617e+00	-1.150346279144287109e+00
-5.140593647956848145e-01	-1.886309146881103516e+00
3.583878993988037109e+00	-2.039233446121215820e+00
9.656661152839660645e-01	-9.677446633577346802e-02
-3.138142585754394531e+00	-3.381837129592895508e+00
1.359031915664672852e+00	2.826311588287353516e+00
-8.118410110473632812e+00	-2.816652536392211914e+00
2.553353309631347656e+00	-9.408520460128784180e-01
8.550871610641479492e-01	2.509385347366333008e+00
-2.622912406921386719e+00	-3.553690433502197266e+00
-2.147617816925048828e+00	-8.819503188133239746e-01
3.513049602508544922e+00	-1.608514070510864258e+00
3.576524734497070312e+00	-2.029098510742187500e+00
-2.122007608413696289e+00	-2.407002687454223633e+00
-6.924681663513183594e+00	-7.683783769607543945e-01
-2.303140878677368164e+00	-3.293628931045532227e+00
-1.056183934211730957e+00	2.438926935195922852e+00
5.183172702789306641e+00	3.939677476882934570e+00
-7.915477752685546875e+00	-2.022522449493408203e+00
-7.549045085906982422e+00	-1.025420308113098145e+00
-2.271615028381347656e+00	-3.418354988098144531e+00
3.328895807266235352e+00	-1.689799427986145020e+00
-6.686089515686035156e+00	-2.428718566894531250e+00
-4.546663761138916016e+00	-1.688961744308471680e+00
-6.899668693542480469e+00	-2.622788190841674805e+00
-7.416599392890930176e-01	-2.200097084045410156e+00
-8.444433212280273438e+00	-2.833468914031982422e+00
-1.254327774047851562e+00	4.616150856018066406e+00
3.407196044921875000e+00	2.901722908020019531e+00
6.442311406135559082e-01	-9.591449499130249023e-01
-2.790755033493041992e+00	-2.971824169158935547e+00
-2.086730480194091797e+00	-2.853760004043579102e+00
-2.156806230545043945e+00	-1.181073784828186035e+00
-1.670030713081359863e+00	-4.615961909294128418e-01
-8.061254501342773438e+00	-2.098219394683837891e+00
2.274789571762084961e+00	-7.448875308036804199e-01
-2.586402893066406250e+00	-2.419388055801391602e+00
2.847380161285400391e+00	-7.062678933143615723e-01
-2.390440940856933594e+00	-2.852458000183105469e+00
-8.808217942714691162e-02	-1.703699827194213867e+00
3.318942546844482422e+00	-9.980816841125488281e-01
3.473635911941528320e+00	1.107436060905456543e+00
-2.032057523727416992e+00	-3.186926126480102539e+00
2.928349256515502930e+00	-1.664489746093750000e+00
-6.550686359405517578e+00	-2.857090950012207031e+00
2.223794221878051758e+00	1.294122815132141113e+00
-2.399734020233154297e+00	-3.168282270431518555e+00
-4.539688587188720703e+00	-2.480002641677856445e+00
3.712919712066650391e+00	2.275213479995727539e+00
2.433243751525878906e+00	2.360254526138305664e+00
2.825413942337036133e+00	-1.749581098556518555e+00
-3.888033628463745117e+00	-3.063213825225830078e+00
-3.763570547103881836e+00	-3.232520341873168945e+00
1.651970028877258301e+00	-3.206165313720703125e+00
-7.677357673645019531e+00	-2.344299554824829102e+00
-9.297539710998535156e+00	-1.320499777793884277e+00
3.204231977462768555e+00	4.158648967742919922e+00
-4.108119487762451172e+00	-3.189301967620849609e+00
-9.014223098754882812e+00	-1.289700269699096680e+00
3.249046802520751953e+00	-8.041340112686157227e-01
-2.377747774124145508e+00	-3.463204145431518555e+00
1.866600513458251953e+00	-2.609128952026367188e+00
2.360771179199218750e+00	3.483290433883666992e+00
-2.491329431533813477e+00	-8.144603967666625977e-01
-7.960435390472412109e+00	-1.708740353584289551e+00
1.733574390411376953e+00	-3.207026243209838867e+00
-1.589637756347656250e+00	-1.780110150575637817e-01
-5.592606544494628906e+00	6.526603698730468750e+00
-8.311686515808105469e+00	-1.921788930892944336e+00
4.170880317687988281e+00	3.469273805618286133e+00
1.379719614982604980e+00	-5.154681801795959473e-01
1.112437807023525238e-02	-1.914371848106384277e+00
-3.743523836135864258e+00	-2.232054471969604492e+00
2.731177330017089844e+00	-1.576566457748413086e+00
3.138905286788940430e+00	-1.015774130821228027e+00
-3.928897619247436523e+00	-2.858201742172241211e+00
3.492033958435058594e+00	-1.945707082748413086e+00
-7.044953823089599609e+00	-1.301733851432800293e+00
-4.504490852355957031e+00	-2.231420993804931641e+00
2.360217809677124023e+00	2.506647586822509766e+00
-2.129564046859741211e+00	-3.501546621322631836e+00
-9.385500907897949219e+00	-1.385106801986694336e+00
-8.411753654479980469e+00	-2.396474599838256836e+00
3.465869665145874023e+00	-1.228469729423522949e+00
-6.580040454864501953e+00	-1.144275784492492676e+00
-5.769145488739013672e+00	-1.922652363777160645e+00
1.045248508453369141e+00	-6.291714310646057129e-01
-7.618353366851806641e+00	-1.621266007423400879e+00
-8.379508018493652344e+00	-1.384673714637756348e+00
-7.079475879669189453e+00	-2.237168788909912109e+00
2.827047824859619141e+00	-1.172942519187927246e+00
-5.280637741088867188e+00	-2.466884374618530273e+00
3.076037406921386719e+00	-1.755631566047668457e+00
-4.916580677032470703e+00	-2.629900217056274414e+00
-8.446281433105468750e+00	-1.424501061439514160e+00
-3.288113176822662354e-01	-1.969548821449279785e+00
-2.868081569671630859e+00	-6.010418534278869629e-01
-3.310605764389038086e+00	-2.786010980606079102e+00
3.341029882431030273e+00	-1.413760542869567871e+00
-3.379870653152465820e+00	-8.021535277366638184e-01
1.692564129829406738e+00	-2.811957836151123047e+00
-3.712816238403320312e+00	-2.979365348815917969e+00
-8.640689849853515625e+00	-1.849954128265380859e+00
4.121719300746917725e-01	4.862561225891113281e+00
-5.371509075164794922e+00	-1.674155116081237793e+00
1.957979679107666016e+00	6.904904842376708984e-01
2.203919172286987305e+00	-1.852071285247802734e+00
4.163691401481628418e-01	1.980361580848693848e+00
6.189076900482177734e-01	4.520351409912109375e+00
3.104690313339233398e+00	-2.309035778045654297e+00
3.524591684341430664e+00	-1.172628521919250488e+00
-1.961661815643310547e+00	-1.912501096725463867e+00
1.619027554988861084e-02	-1.685390949249267578e+00
2.678597450256347656e+00	-2.529439449310302734e+00
-5.539887547492980957e-01	3.118771553039550781e+00
2.569098949432373047e+00	-2.137651920318603516e+00
-1.344631314277648926e+00	-6.485794782638549805e-01
-8.553398132324218750e+00	-1.178622961044311523e+00
-8.884477615356445312e+00	-1.154245972633361816e+00
-6.550656318664550781e+00	-2.798593759536743164e+00
2.470784187316894531e+00	-8.771004080772399902e-01
-8.371227383613586426e-01	2.149310588836669922e+00
-7.590546131134033203e+00	-1.601790189743041992e+00
-3.121326446533203125e+00	-3.009014606475830078e+00
-9.536663055419921875e+00	-1.559850096702575684e+00
-4.219202041625976562e+00	-3.058557987213134766e+00
3.026701688766479492e+00	-2.339920520782470703e+00
-8.157742500305175781e+00	-2.751244544982910156e+00
3.140628814697265625e+00	-2.321300983428955078e+00
-2.560715675354003906e+00	-3.277704477310180664e+00
-9.146042823791503906e+00	-1.710820198059082031e+00
1.264513373374938965e+00	2.754517316818237305e+00
3.184098720550537109e+00	-1.641001105308532715e+00
-1.716289043426513672e+00	-1.701921224594116211e+00
-4.032120227813720703e+00	-2.752470493316650391e+00
-6.516592979431152344e+00	-1.348648548126220703e+00
2.876145839691162109e+00	-2.098310708999633789e+00
4.426443278789520264e-01	5.052143096923828125e+00
-6.016153812408447266e+00	-2.414464950561523438e+00
1.133204340934753418e+00	8.879783749580383301e-02
-5.090217590332031250e+00	-1.788518071174621582e+00
-3.889834642410278320e+00	-2.795075416564941406e+00
1.237629652023315430e+00	5.163721442222595215e-01
-7.369998455047607422e+00	-2.259057998657226562e+00
-3.160276412963867188e+00	-2.854735136032104492e+00
-5.039039134979248047e+00	-2.031899452209472656e+00
-5.333289146423339844e+00	-1.794899940490722656e+00
-7.177813053131103516e+00	-8.128359317779541016e-01
-7.198177337646484375e+00	-1.189574122428894043e+00
-7.200412750244140625e+00	-1.186795711517333984e+00
-7.503523826599121094e+00	-2.098584175109863281e+00
-3.015202283859252930e+00	-5.458968877792358398e-01
-1.508526086807250977e+00	-1.330930352210998535e+00
-2.382683515548706055e+00	-1.514094352722167969e+00
-7.040358543395996094e+00	-1.342967987060546875e+00
-6.612131118774414062e+00	-1.953872323036193848e+00
-2.815260648727416992e+00	-3.124933481216430664e+00
-6.256846904754638672e+00	-1.370028734207153320e+00
-8.283725738525390625e+00	-1.704753994941711426e+00
-6.871957302093505859e+00	-1.609937071800231934e+00
-2.729560852050781250e+00	-3.024173736572265625e+00
-8.904330253601074219e+00	-1.239900469779968262e+00
-3.607192277908325195e+00	-2.558051347732543945e+00
-5.085124969482421875e+00	-2.572970628738403320e+00
-6.678621768951416016e-01	2.111933231353759766e+00
-6.653864860534667969e+00	-1.516992688179016113e+00
-7.369935989379882812e+00	-1.206412315368652344e+00
-3.980444192886352539e+00	-2.819746732711791992e+00
2.822297334671020508e+00	6.348814964294433594e-01
-8.391409873962402344e+00	-1.636798620223999023e+00
-5.080345630645751953e+00	-2.265169620513916016e+00
-6.577695369720458984e+00	-1.259440183639526367e+00
-8.492638587951660156e+00	-2.133668184280395508e+00
-7.766799926757812500e+00	-1.708321571350097656e+00
-5.424268722534179688e+00	-2.141277313232421875e+00
-1.392906904220581055e+00	-2.412908315658569336e+00
-4.648261070251464844e+00	-2.953598022460937500e+00
-4.423114299774169922e+00	-1.759548902511596680e+00
-4.437613487243652344e+00	-2.756943464279174805e+00
-5.445575714111328125e-01	-1.822866916656494141e+00
-5.500356674194335938e+00	-2.365273237228393555e+00
-5.174341678619384766e+00	-1.759951829910278320e+00
-6.054258823394775391e+00	-2.332626104354858398e+00
-6.433787822723388672e+00	-2.605471849441528320e+00
-2.428767919540405273e+00	-3.665263354778289795e-01
-6.716674804687500000e+00	-2.337843418121337891e+00
-3.203096389770507812e+00	-2.885597944259643555e+00
-2.592963457107543945e+00	-4.380015730857849121e-01
-1.737464547157287598e+00	-1.486506581306457520e+00
-7.036516666412353516e+00	-9.441526532173156738e-01
-3.078824281692504883e+00	-2.909430980682373047e+00
-8.346867561340332031e+00	-2.712838172912597656e+00
-6.047234535217285156e+00	-1.504479408264160156e+00
-5.757640838623046875e+00	-1.860407471656799316e+00
-7.358659744262695312e+00	-1.843376994132995605e+00
-1.362921476364135742e+00	-1.483759045600891113e+00
-3.329109430313110352e+00	-2.699233531951904297e+00
1.754953503608703613e+00	-9.313399791717529297e-01
-7.890893459320068359e+00	-1.406741976737976074e+00
-4.129919052124023438e+00	-1.551848769187927246e+00
-4.279282093048095703e+00	-1.161372184753417969e+00
-7.264806270599365234e+00	-1.414916396141052246e+00
-2.039908647537231445e+00	-2.085039377212524414e+00
-7.188379287719726562e+00	-1.860329031944274902e+00
-6.646589756011962891e+00	-2.161523580551147461e+00
-7.208262443542480469e+00	-1.548506140708923340e+00
-2.155652761459350586e+00	-2.133577346801757812e+00
-2.649545431137084961e+00	-6.233199834823608398e-01
8.029739856719970703e-01	2.274161338806152344e+00
9.192530512809753418e-01	-1.120831966400146484e+00
-5.958184719085693359e+00	-2.406718492507934570e+00
-7.005152702331542969e+00	-1.637317538261413574e+00
-6.557100772857666016e+00	-1.456622123718261719e+00
-9.015470504760742188e+00	-1.335775852203369141e+00
-5.998999118804931641e+00	-2.209107160568237305e+00
1.722195386886596680e+00	-1.491758227348327637e+00
-6.687964916229248047e+00	-2.612104415893554688e+00
-1.433905482292175293e+00	-3.077732920646667480e-01
-1.585810899734497070e+00	-8.165944218635559082e-01
-8.254911422729492188e+00	-1.698263645172119141e+00
-6.797527790069580078e+00	-9.585847854614257812e-01
1.733152031898498535e+00	-3.017409563064575195e+00
2.068159103393554688e+00	4.067538261413574219e+00
3.926175594329833984e+00	2.548465251922607422e+00
-6.709134101867675781e+00	-2.753212690353393555e+00
-6.744785308837890625e+00	-1.453838706016540527e+00
-1.582405805587768555e+00	-1.370072364807128906e+00
-3.519345045089721680e+00	-3.110760688781738281e+00
3.027836561203002930e+00	2.214503526687622070e+00
-5.553710460662841797e+00	-2.032103538513183594e+00
-3.551618576049804688e+00	-2.267575502395629883e+00
7.383546829223632812e-01	-8.374467492103576660e-01
-1.283306926488876343e-01	-2.065565586090087891e+00
-1.536607090383768082e-02	4.744441509246826172e+00
-3.569438457489013672e+00	-3.270480632781982422e+00
-3.561328649520874023e+00	-3.264988183975219727e+00
1.624051213264465332e+00	-2.255216360092163086e+00
3.399863958358764648e+00	-1.321773767471313477e+00
-8.377631187438964844e+00	-2.478154182434082031e+00
8.059576749801635742e-01	1.749714612960815430e+00
1.579906105995178223e+00	3.517412185668945312e+00
-1.379025220870971680e+00	-4.335148632526397705e-01
-2.367706537246704102e+00	-8.367370963096618652e-01
-6.684490203857421875e+00	-2.710502624511718750e+00
-3.554864645004272461e+00	-8.847647309303283691e-01
1.577649354934692383e+00	1.822771549224853516e+00
-9.351040840148925781e+00	-1.676469683647155762e+00
-3.315147876739501953e+00	-7.449361681938171387e-01
-2.903610706329345703e+00	-3.446864604949951172e+00
-1.436031818389892578e+00	-5.835363268852233887e-01
-7.535045146942138672e+00	-8.374400138854980469e-01
-2.457341432571411133e+00	-9.548957347869873047e-01
-1.996384263038635254e+00	-2.025095224380493164e+00
-1.112702488899230957e+00	-1.387473702430725098e+00
-2.125433206558227539e+00	-2.555735111236572266e+00
-2.484418392181396484e+00	-2.700053215026855469e+00
-1.908732652664184570e+00	-2.802845954895019531e+00
2.033247947692871094e+00	3.227047920227050781e+00
7.629437446594238281e-01	-8.273295164108276367e-01
-7.852965831756591797e+00	-1.130114555358886719e+00
-1.055330038070678711e+00	-2.298227310180664062e+00
-5.055908203125000000e+00	-1.690236330032348633e+00
-2.042857170104980469e+00	-2.986910820007324219e+00
2.242913722991943359e+00	3.113578259944915771e-01
-2.321540117263793945e+00	-1.015999197959899902e+00
-2.314327716827392578e+00	-3.632300138473510742e+00
-2.579835891723632812e+00	-1.975654959678649902e+00
1.158027887344360352e+00	4.311477184295654297e+00
1.671451568603515625e+00	-6.942693591117858887e-01
2.089708566665649414e+00	2.278576612472534180e+00
-8.645901679992675781e+00	-1.264775156974792480e+00
-5.939964771270751953e+00	-2.364917516708374023e+00
-2.568939208984375000e+00	-2.756857633590698242e+00
1.516986936330795288e-01	4.589155673980712891e+00
3.807285785675048828e+00	3.708894968032836914e+00
-2.497753381729125977e+00	-2.771500349044799805e+00
-2.388455152511596680e+00	-2.768689632415771484e+00
3.059854507446289062e+00	-1.046284556388854980e+00
1.523058176040649414e+00	2.664727210998535156e+00
1.665469169616699219e+00	-2.005517959594726562e+00
2.997914791107177734e+00	-2.143891096115112305e+00
3.226063966751098633e+00	9.054993391036987305e-01
1.677985548973083496e+00	-1.967176556587219238e+00
1.613245010375976562e+00	-2.480162143707275391e+00
2.641907930374145508e+00	-1.125362277030944824e+00
-2.913646459579467773e+00	-3.166742563247680664e+00
-2.407159328460693359e+00	-9.181941747665405273e-01
1.698135018348693848e+00	-2.882908821105957031e+00
1.609439015388488770e+00	3.318446159362792969e+00
-2.089638710021972656e+00	-3.006335258483886719e+00
-4.648768424987792969e+00	-2.999270439147949219e+00
-1.880357384681701660e+00	-1.270456075668334961e+00
3.292875528335571289e+00	-1.048925042152404785e+00
1.663186788558959961e+00	-3.119778037071228027e-01
-7.650400638580322266e+00	-1.832294344902038574e+00
-9.150138497352600098e-02	-2.125486373901367188e+00
2.098055124282836914e+00	-3.050211071968078613e-01
2.320427179336547852e+00	-7.238221168518066406e-01
2.618130683898925781e+00	-1.672788977622985840e+00
-8.599915504455566406e+00	-1.122745394706726074e+00
-5.573296070098876953e+00	-2.671931266784667969e+00
-2.234634399414062500e+00	-3.115047693252563477e+00
3.056234836578369141e+00	2.207362890243530273e+00
-2.309106349945068359e+00	-2.448746919631958008e+00
-3.341165065765380859e+00	-3.124604463577270508e+00
1.731900334358215332e+00	-2.402746438980102539e+00
-3.418086767196655273e+00	-7.035081386566162109e-01
-5.802421569824218750e+00	-2.543309688568115234e+00
2.814787864685058594e+00	-1.185164570808410645e+00
7.643388509750366211e-01	1.239642262458801270e+00
1.230180025100708008e+00	3.308848857879638672e+00
1.783975124359130859e+00	-2.603326082229614258e+00
2.910262107849121094e+00	-6.326907873153686523e-02
3.643648326396942139e-01	3.785395145416259766e+00
-4.673956871032714844e+00	-1.378802657127380371e+00
1.306119084358215332e+00	2.494473695755004883e+00
-2.888681888580322266e+00	-2.945815801620483398e+00
-1.788409948348999023e+00	-1.289133667945861816e+00
1.743445038795471191e+00	8.764100670814514160e-01
-9.179478883743286133e-01	2.623987197875976562e+00
1.964160084724426270e+00	5.722168833017349243e-02
2.106223106384277344e+00	9.854233264923095703e-01
9.876241683959960938e-01	1.513986010104417801e-02
-3.973545789718627930e+00	-3.100586891174316406e+00
1.982095599174499512e+00	-2.223595380783081055e+00
-4.012427330017089844e+00	-2.769006013870239258e+00
-5.188726902008056641e+00	-1.937222599983215332e+00
1.186194539070129395e+00	3.088065624237060547e+00
-4.244417667388916016e+00	-2.942442417144775391e+00
2.799116849899291992e+00	1.201845884323120117e+00
2.772190093994140625e+00	-1.749042510986328125e+00
-4.263916969299316406e+00	-3.007771968841552734e+00
-8.203347206115722656e+00	-1.582405924797058105e+00
-2.497071743011474609e+00	-2.178980827331542969e+00
-3.899540424346923828e+00	-2.887953042984008789e+00
2.386794805526733398e+00	1.440936565399169922e+00
3.601949930191040039e+00	2.690572023391723633e+00
3.510184288024902344e+00	1.595803260803222656e+00
1.910566806793212891e+00	-2.314347028732299805e+00
-2.246877908706665039e+00	-3.558440446853637695e+00
1.458894133567810059e+00	4.151343822479248047e+00
-1.396895289421081543e+00	-7.920320630073547363e-01
-2.811765193939208984e+00	-2.818810939788818359e+00
-2.332437753677368164e+00	-3.188131809234619141e+00
1.882109999656677246e+00	3.145328760147094727e+00
-2.335312366485595703e+00	-3.059747815132141113e-01
1.453962087631225586e+00	-1.149498701095581055e+00
1.004496455192565918e+00	3.268465995788574219e+00
-6.440039634704589844e+00	-2.322901725769042969e+00
-1.378129363059997559e+00	4.958177566528320312e+00
1.364499449729919434e+00	1.949607372283935547e+00
-4.602575778961181641e+00	-2.582792043685913086e+00
1.186486601829528809e+00	8.501159548759460449e-01
-3.137602090835571289e+00	-2.867266893386840820e+00
2.043694972991943359e+00	1.565475463867187500e-01
-8.268206596374511719e+00	-1.152788758277893066e+00
-3.005251169204711914e+00	-2.763405323028564453e+00
1.353555560111999512e+00	3.461665391921997070e+00
1.512675523757934570e+00	3.047701120376586914e+00
3.651202440261840820e+00	-1.911962151527404785e+00
-3.671019315719604492e+00	-2.214294433593750000e+00
-7.636641979217529297e+00	-1.428417563438415527e+00
3.324045658111572266e+00	-1.039558529853820801e+00
1.564119815826416016e+00	-8.385207653045654297e-01
2.802640438079833984e+00	-1.873961210250854492e+00
-2.447723627090454102e+00	-3.225653409957885742e+00
-1.804887294769287109e+00	-1.657247424125671387e+00
8.092002868652343750e-01	2.144050121307373047e+00
-2.665355920791625977e+00	-8.743033409118652344e-01
1.985348343849182129e+00	-2.885898828506469727e+00
-2.521781682968139648e+00	-3.008137941360473633e+00
1.453532695770263672e+00	-5.386158227920532227e-01
-2.804427146911621094e+00	-6.720566153526306152e-01
-1.884300708770751953e+00	-2.944140195846557617e+00
-2.091342687606811523e+00	-3.525616884231567383e+00
1.776619076728820801e+00	1.741925001144409180e+00
-6.379237174987792969e+00	-2.524821519851684570e+00
-2.798593997955322266e+00	-2.642049074172973633e+00
-3.522111415863037109e+00	-3.059746980667114258e+00
7.387655973434448242e-01	3.285879373550415039e+00
1.341893672943115234e+00	-1.455982923507690430e+00
1.514071673154830933e-01	-1.949324250221252441e+00
2.636972427368164062e+00	-9.419584870338439941e-01
-3.221589565277099609e+00	-2.444579601287841797e+00
-1.518442630767822266e+00	-1.880034059286117554e-01
4.084406375885009766e+00	2.820262432098388672e+00
-4.964481353759765625e+00	-2.716167926788330078e+00
-2.355939626693725586e+00	-3.293320655822753906e+00
-6.209534168243408203e+00	-2.048666954040527344e+00
-5.059019088745117188e+00	6.444606781005859375e+00
-2.642570972442626953e+00	-5.273250937461853027e-01
2.489619255065917969e+00	2.771076917648315430e+00
-2.837417364120483398e+00	-2.352137804031372070e+00
-3.646370410919189453e+00	-3.282182455062866211e+00
3.940422296524047852e+00	3.231476783752441406e+00
-2.204488754272460938e+00	-2.753245115280151367e+00
-3.154326438903808594e+00	-2.724012136459350586e+00
-7.700285434722900391e+00	-1.292242527008056641e+00
-7.206291675567626953e+00	-2.479293107986450195e+00
2.930690050125122070e+00	3.078549623489379883e+00
-2.249364137649536133e+00	-2.777472019195556641e+00
-4.032747149467468262e-01	-1.870386719703674316e+00
-1.319201588630676270e+00	-4.896331131458282471e-01
1.852184772491455078e+00	-7.073041796684265137e-01
-2.529351234436035156e+00	-7.250109314918518066e-01
2.261316537857055664e+00	-8.551683425903320312e-01
-2.450109243392944336e+00	-3.110068082809448242e+00
3.212029218673706055e+00	-6.373453736305236816e-01
2.059145927429199219e+00	-1.706872105598449707e+00
7.400941252708435059e-01	3.818636655807495117e+00
1.423113465309143066e+00	-1.679925441741943359e+00
1.238426685333251953e+00	-3.060299754142761230e-01
1.383340239524841309e+00	1.680917620658874512e+00
4.798480987548828125e+00	4.175753116607666016e+00
-4.286125659942626953e+00	-1.206253409385681152e+00
1.723346948623657227e+00	3.474793434143066406e-01
-2.501579523086547852e+00	-7.605071663856506348e-01
-1.743286490440368652e+00	-2.136648654937744141e+00
-5.630178451538085938e+00	-2.208343267440795898e+00
-8.011006355285644531e+00	-1.987022161483764648e+00
-4.201868534088134766e+00	-3.058462142944335938e+00
-6.271834850311279297e+00	-2.208903074264526367e+00
1.990489244461059570e+00	-2.334324568510055542e-01
1.657223820686340332e+00	2.456606149673461914e+00
-2.240310430526733398e+00	-1.027284264564514160e+00
-9.025087207555770874e-02	-2.047824859619140625e+00
3.337626695632934570e+00	-1.229915499687194824e+00
-4.622817993164062500e+00	-1.454822421073913574e+00
-1.790046691894531250e-01	-1.236557841300964355e+00
-9.433668255805969238e-01	4.457292079925537109e+00
-8.863018989562988281e+00	-1.588864326477050781e+00
2.872209846973419189e-01	-1.228654980659484863e+00
-2.172873735427856445e+00	-3.481868743896484375e+00
-1.378784179687500000e+00	-4.604098498821258545e-01
-1.987435579299926758e+00	-1.164979338645935059e+00
2.948322772979736328e+00	5.285390615463256836e-01
-7.115805149078369141e+00	-2.007900476455688477e+00
-9.343950271606445312e+00	-1.387836098670959473e+00
3.143115758895874023e+00	-4.646297097206115723e-01
3.830576419830322266e+00	2.410470247268676758e+00
-2.047427654266357422e+00	-2.896346330642700195e+00
1.794196248054504395e+00	-1.689433574676513672e+00
3.102931261062622070e+00	-9.156851768493652344e-01
-4.731630325317382812e+00	-1.562472462654113770e+00
1.341346502304077148e+00	1.597726106643676758e+00
-3.447580575942993164e+00	-2.728718519210815430e+00
-2.480967283248901367e+00	-3.105519771575927734e+00
4.375545978546142578e+00	2.770035505294799805e+00
1.691883325576782227e+00	-8.464860916137695312e-01
-1.996689558029174805e+00	-2.672892332077026367e+00
3.492937088012695312e-01	4.578798770904541016e+00
1.470567822456359863e+00	2.769726514816284180e+00
2.022646218538284302e-01	-1.497289061546325684e+00
3.015081882476806641e+00	-2.151342391967773438e+00
-1.840485930442810059e+00	-1.606956839561462402e+00
-8.130641937255859375e+00	-1.923619508743286133e+00
-8.938672065734863281e+00	-1.465904593467712402e+00
-2.099938392639160156e+00	-1.017217636108398438e+00
3.120023488998413086e+00	3.237823486328125000e+00
1.572053670883178711e+00	-1.001252770423889160e+00
-3.016922473907470703e+00	-6.334171295166015625e-01
1.690811514854431152e+00	-3.142346382141113281e+00
2.472177743911743164e+00	2.915297269821166992e+00
1.800647377967834473e+00	-2.748255491256713867e+00
2.891049861907958984e+00	-1.185922861099243164e+00
2.026343584060668945e+00	-6.853985786437988281e-01
-3.695748090744018555e+00	-2.419222354888916016e+00
1.187687039375305176e+00	-9.138810634613037109e-01
-2.314634799957275391e+00	5.866685390472412109e+00
1.036629676818847656e+00	3.454512834548950195e+00
1.512098908424377441e+00	3.413290023803710938e+00
-3.755970716476440430e+00	-8.684261441230773926e-01
-6.188336849212646484e+00	-2.463145494461059570e+00
-5.357673645019531250e+00	-1.645828723907470703e+00
-5.465685367584228516e+00	-2.531309366226196289e+00
1.915305733680725098e+00	-2.717888593673706055e+00
3.217047214508056641e+00	-7.746129631996154785e-01
-7.419691562652587891e+00	-2.230541467666625977e+00
-6.225818157196044922e+00	-1.931507945060729980e+00
-9.084941864013671875e+00	-1.697713375091552734e+00
1.380434155464172363e+00	2.897623777389526367e+00
3.519554853439331055e+00	1.938618183135986328e+00
2.943909168243408203e+00	-5.613335371017456055e-01
-3.998328447341918945e+00	-1.027723789215087891e+00
-9.061230659484863281e+00	-1.780048012733459473e+00
-4.345154285430908203e+00	-2.705563783645629883e+00
-2.202913999557495117e+00	-2.525914669036865234e+00
-3.228168964385986328e+00	-3.379755258560180664e+00
-1.687553167343139648e+00	-2.531241416931152344e+00
-2.841248512268066406e+00	-2.295828104019165039e+00
-8.980741500854492188e+00	-1.692445993423461914e+00
-1.532825589179992676e+00	-2.698554098606109619e-01
-1.832359433174133301e+00	-2.458204507827758789e+00
2.201391696929931641e+00	1.407466650009155273e+00
-2.872206211090087891e+00	-2.491110086441040039e+00
-8.598933219909667969e+00	-1.367833614349365234e+00
-8.276159286499023438e+00	-2.541535615921020508e+00
-7.080584526062011719e+00	-1.794369339942932129e+00
-3.736831903457641602e+00	-2.850218296051025391e+00
-4.133415699005126953e+00	-2.673734188079833984e+00
3.043684959411621094e+00	-1.225784897804260254e+00
1.044201374053955078e+00	4.282433509826660156e+00
-2.012158632278442383e+00	-2.674568176269531250e+00
-2.766613960266113281e+00	-4.424381554126739502e-01
1.474155664443969727e+00	3.955409288406372070e+00
2.972319602966308594e+00	2.193343877792358398e+00
-6.717181205749511719e+00	-1.906694531440734863e+00
-9.045388221740722656e+00	-1.749412059783935547e+00
1.252659082412719727e+00	-7.108959555625915527e-01
1.408339023590087891e+00	2.908656358718872070e+00
-4.694682598114013672e+00	-3.037212133407592773e+00
2.516774892807006836e+00	5.014281868934631348e-01
-1.402105450630187988e+00	-5.930581316351890564e-02
-1.390255928039550781e+00	-6.544287204742431641e-01
1.861745238304138184e+00	-4.363201558589935303e-01
3.241637706756591797e+00	-1.437336564064025879e+00
-2.538048505783081055e+00	-8.898856043815612793e-01
2.297593832015991211e+00	-3.144731223583221436e-01
1.517041444778442383e+00	4.466632306575775146e-01
2.315436840057373047e+00	-1.175429105758666992e+00
-7.153726100921630859e+00	-1.414126753807067871e+00
1.435613751411437988e+00	-5.024139881134033203e-01
1.318727135658264160e+00	1.193081021308898926e+00
-4.338923454284667969e+00	-2.287334442138671875e+00
1.451769351959228516e+00	1.646796762943267822e-01
-4.508758068084716797e+00	-2.914823055267333984e+00
-3.446152925491333008e+00	-2.621398687362670898e+00
1.990361213684082031e+00	1.894184708595275879e+00
1.704905867576599121e+00	-2.580695390701293945e+00
1.671638607978820801e+00	-4.426740109920501709e-01
-3.238484859466552734e+00	-2.771730661392211914e+00
-3.351491451263427734e+00	-3.210440158843994141e+00
-1.553396940231323242e+00	-2.193498760461807251e-01
-1.506976604461669922e+00	-8.823397755622863770e-01
2.445921897888183594e+00	-1.181667000055313110e-01
4.922816753387451172e+00	3.186619281768798828e+00
1.010491013526916504e+00	2.793302536010742188e+00
1.458644390106201172e+00	-3.701724410057067871e-01
1.804778575897216797e+00	-3.287345170974731445e+00
-3.842568635940551758e+00	-1.893141865730285645e+00
9.344519972801208496e-01	-2.821052670478820801e-01
1.743221044540405273e+00	3.173608481884002686e-01
-4.780301570892333984e+00	-2.855947017669677734e+00
-4.893994808197021484e+00	-1.470309734344482422e+00
2.035218715667724609e+00	-1.007799267768859863e+00
-2.310885906219482422e+00	-3.186865746974945068e-01
1.937195062637329102e-01	3.046450853347778320e+00
-8.449504852294921875e+00	-1.795299649238586426e+00
2.136281490325927734e+00	-9.410940110683441162e-02
-2.543663024902343750e+00	-2.896551370620727539e+00
2.789719343185424805e+00	5.688067674636840820e-01
-2.634845018386840820e+00	-5.906116962432861328e-01
-1.428066015243530273e+00	-4.699897170066833496e-01
-2.715202569961547852e+00	5.635443210601806641e+00
-7.426436424255371094e+00	-1.498215794563293457e+00
4.248946011066436768e-01	3.506756782531738281e+00
-2.301468133926391602e+00	-1.721749544143676758e+00
-6.030361175537109375e+00	-2.307471275329589844e+00
2.989347651600837708e-02	-2.031302928924560547e+00
-4.562502861022949219e+00	-2.698691368103027344e+00
1.715013980865478516e+00	-2.722953081130981445e+00
-6.981042861938476562e+00	-2.088058471679687500e+00
2.006421566009521484e+00	-2.299810171127319336e+00
2.787154436111450195e+00	-9.005237221717834473e-01
8.107215762138366699e-01	2.738505840301513672e+00
-3.873517036437988281e+00	-9.494226574897766113e-01
-4.223531112074851990e-02	-1.287304759025573730e+00
7.817301750183105469e-01	1.319707751274108887e+00
1.819245100021362305e+00	3.328617095947265625e+00
4.479300498962402344e+00	3.113723278045654297e+00
-3.183818340301513672e+00	-5.016443729400634766e-01
1.737641811370849609e+00	-3.017455816268920898e+00
7.870767712593078613e-01	3.249014616012573242e+00
-8.492449760437011719e+00	-1.278795719146728516e+00
-3.399725675582885742e+00	-3.341826438903808594e+00
4.614501953125000000e+00	3.596973657608032227e+00
-2.409961462020874023e+00	-2.893218994140625000e+00
-2.462742477655410767e-01	-1.758452415466308594e+00
-6.669621944427490234e+00	-1.214036226272583008e+00
1.974355816841125488e+00	3.249382495880126953e+00
1.123334407806396484e+00	-4.365552067756652832e-01
2.998206138610839844e+00	4.500024914741516113e-01
-7.772803783416748047e+00	-1.210080742835998535e+00
-6.977333545684814453e+00	-2.324340581893920898e+00
-6.977885246276855469e+00	-1.380618214607238770e+00
-8.827602386474609375e+00	-1.840451002120971680e+00
-7.958278656005859375e+00	-1.187748670578002930e+00
-4.736253261566162109e+00	-1.430589079856872559e+00
1.441543102264404297e+00	2.571599721908569336e+00
-4.738588333129882812e+00	-2.948049306869506836e+00
-6.112785339355468750e+00	-1.863454461097717285e+00
-2.714075803756713867e+00	-1.908408164978027344e+00
-5.538730621337890625e+00	-1.929680705070495605e+00
-6.896059513092041016e+00	-1.818495750427246094e+00
-2.282464742660522461e+00	-2.711769104003906250e+00
7.144984006881713867e-01	-9.172980189323425293e-01
-5.545540332794189453e+00	-2.593662500381469727e+00
-4.592893123626708984e+00	-3.065940618515014648e+00
-2.636201381683349609e+00	-3.038406610488891602e+00
-6.391908168792724609e+00	-2.579431056976318359e+00
1.720839262008666992e+00	-1.256182137876749039e-02
-4.646046638488769531e+00	-1.762500166893005371e+00
-4.289802551269531250e+00	-2.147062063217163086e+00
1.703528285026550293e+00	-2.278126478195190430e+00
2.050220012664794922e+00	3.567977428436279297e+00
9.656882882118225098e-01	2.517697572708129883e+00
-8.085741996765136719e+00	-1.596063971519470215e+00
8.685621023178100586e-01	2.469396352767944336e+00
-7.691190242767333984e+00	-1.531756520271301270e+00
-8.438383102416992188e+00	-1.583271861076354980e+00
-3.417806386947631836e+00	-2.299151182174682617e+00
1.988608717918395996e+00	-1.430494308471679688e+00
-8.192251205444335938e+00	-1.224767208099365234e+00
-8.029432296752929688e+00	-1.307446122169494629e+00
3.177082777023315430e+00	-1.045572042465209961e+00
-6.591429233551025391e+00	-1.661859154701232910e+00
3.008137226104736328e+00	-7.718083262443542480e-01
2.137826442718505859e+00	-2.028588771820068359e+00
1.248850464820861816e+00	-1.914111673831939697e-01
-3.814217150211334229e-01	-1.879511117935180664e+00
-1.706551432609558105e+00	-1.615504980087280273e+00
-7.992611885070800781e+00	-1.172876596450805664e+00
-3.230843067169189453e+00	-8.781756758689880371e-01
-5.462589263916015625e+00	-2.248592138290405273e+00
